
162430
162440
162460
162470
162510
162610
162660
162670
162700
162730
2023
213200
213365
214059
215577
215581
217850
219502
219510
219512
219537
219550
219556
219578
219589
220977
221032
222115
223836
223881
223952
223960
224430
225705
225706
225707
225756
225907
225910
226615
227048
228521
238599
239404
241649
243173
243952
245123
247652
247738
249618
251417
251419
251798
252469
252514
253570
255251
255264
255959
255963
256383
256562
256843
257539
257541
257655
260259
260435
260437
263443
270047
270048
277276
278348
279663
288582
290274
290585
292229
293144
294369
296824
297698
297700
